17Networks_LH_VisCent_Striate,1,0.558793016,0.815597453,0.459682301,0.463773525,0.165217825,0.118502167,0.432916323,0.141224024,0.10620126,-0.175749348,-0.173347066,-0.127637247,-0.155670257,-0.090288821,-0.129024582,-0.12175595,-0.149559024,-0.102657712,-0.131826215,0.063445403,0.042186972,0.031909926,0.06325576,0.00496553,0.009799849,-0.129962861,-0.071949546,-0.048806717,-0.101573571,-0.133807861,-0.081825684,-0.046690839,-0.125190147,-0.128756711,-0.104984252,-0.136031985,-0.121894583,-0.090526229,-0.040566498,-0.114440864,-0.104241365,-0.133291642,-0.112972685,-0.098174363,-0.071319404,0.009391687,-0.019395605,-0.066485674,-0.078038861,0.009695715,-0.069571272,-0.048263926,0.011038323,-0.021426229,-0.012327444,-0.072394038,-0.089289139,-0.111323464,-0.124850996,-0.079959027,-0.101149496,-0.019894883,0.002352649,-0.031299429,-0.056907071,-0.020532654,0.010385399,-0.033323715,0.001986884,-0.064657769,-0.043022043,0.013516856,-0.067332267,-0.069418882,-0.051227534,-0.012565155,-0.040436275,-0.043723241,-0.07530422,-0.079769297,-0.050664763,-0.030242002,-0.070586296,-0.012312222,0.007598703,-0.020420063,0.008370331,-0.065691513,-0.032047051,-0.032343721,-0.060096954,-0.097786739,-0.041584028,-0.044183504,-0.067376523,-0.082499119,-0.115061295,-0.111777851,-0.053873057,-0.067483346,-0.033707069,-0.119718906,-0.099141133,-0.068362821,-0.085690179,0.045956093,0.021384841,-0.032892706,0.045751936,0.00565719,-0.042526829,-0.180488581,-0.19407077117Networks_LH_VisCent_ExStr,0.558793016,1,0.509952185,0.896587109,0.378452661,0.440610991,0.450530901,0.37217742,0.43003209,0.432270104,-0.003065291,0.01475544,-0.02938329,-0.030928074,-0.087873079,-0.028552647,-0.030792789,-0.020794239,-0.084169239,-0.039838646,0.352745525,0.432300907,0.415700847,0.397319578,0.428271592,0.395873354,0.056150097,0.096085692,0.073624671,0.100532117,0.102669936,0.117377331,0.128558532,0.112599582,-0.055689906,-0.060597097,-0.061421719,-0.048435897,0.034975129,0.183016374,-0.005127378,-0.020418114,-8.62E-05,-0.001108912,0.04083968,-0.131490259,-0.115876194,-0.1076342,-0.115891578,-0.138776866,-0.056240357,-0.113699131,-0.087652438,-0.110579281,-0.105161837,-0.054802633,-0.095921585,-0.111824004,-0.110098249,-0.110370908,-0.064082968,-0.065251846,-0.125398806,-0.075859004,-0.148312468,-0.130717412,-0.060522001,-0.051678945,-0.096884129,0.004640177,-0.106624392,-0.057252474,-0.03950172,-0.298843484,-0.219362232,-0.225608187,-0.236556435,-0.239434024,-0.153714214,-0.283584195,-0.204523353,-0.248602842,-0.229052021,-0.182930704,-0.14275094,-0.09808525,-0.117685232,-0.100646938,-0.243186217,-0.212205125,-0.172351388,-0.234122166,-0.239076831,-0.217996939,-0.19860356,-0.22063594,-0.134539693,-0.137808388,-0.19758575,-0.144884654,-0.119468591,-0.190470389,-0.175204456,-0.116008547,-0.164231173,-0.135553344,-0.070577189,0.029879195,-0.059112692,-0.052842361,0.088125961,-0.081885136,-0.029739239,-0.03504160717Networks_RH_VisCent_Striate,0.815597453,0.509952185,1,0.537768485,0.474697533,0.177284689,0.13477736,0.461348157,0.170058525,0.143281607,-0.191135747,-0.186104293,-0.130854254,-0.162959564,-0.105432563,-0.147334563,-0.122066659,-0.154951507,-0.1130094,-0.143719119,0.073072541,0.043326795,0.052968825,0.089723771,0.027971616,0.041265166,-0.139204035,-0.064479839,-0.052009776,-0.0985843,-0.131223393,-0.064843929,-0.032862421,-0.115995349,-0.130710213,-0.107551975,-0.136910579,-0.123057552,-0.082519531,-0.019213387,-0.110022369,-0.099088922,-0.12794688,-0.101037038,-0.085942026,-0.072117699,0.010459628,-0.016157835,-0.069860217,-0.08556127,0.009468603,-0.066407358,-0.03952989,0.018249185,-0.018614419,-0.010689294,-0.064210771,-0.084516155,-0.106657984,-0.109196879,-0.115608291,-0.110561391,-0.039408113,-0.007756461,-0.040691237,-0.054490941,-0.048065409,-0.000652304,-0.04177653,0.010956975,-0.058161817,-0.051887656,0.008688831,-0.08491752,-0.076953011,-0.058118063,-0.021599888,-0.049807824,-0.069856619,-0.087517014,-0.07863737,-0.055613593,-0.026294811,-0.077831546,-0.010138913,0.010559549,-0.014862764,0.009932966,-0.077054015,-0.039685602,-0.034021115,-0.061569323,-0.101401301,-0.050474105,-0.037154805,-0.066304892,-0.090237558,-0.132232977,-0.114275767,-0.056764894,-0.06504879,-0.041082559,-0.123870963,-0.108579358,-0.067035847,-0.069870273,0.039246406,0.012706135,-0.024334213,0.04330779,0.009840964,-0.037944456,-0.192715811,-0.20074338617Networks_RH_VisCent_ExStr,0.459682301,0.896587109,0.537768485,1,0.364004107,0.440306248,0.454120588,0.379005498,0.463393419,0.469331425,0.007469664,0.035127874,-0.023847963,-0.02691437,-0.089195377,-0.036798515,-0.010617119,-0.001923996,-0.073656853,-0.021233643,0.331596739,0.411017119,0.405576706,0.41352227,0.486941072,0.458126727,0.047656989,0.093624645,0.0654942,0.097581431,0.12144283,0.128357178,0.140297405,0.147776826,-0.053530577,-0.065245149,-0.065462912,-0.044347539,0.034088624,0.203512962,0.002683205,-0.013276862,0.010955328,0.00965048,0.054570981,-0.139153038,-0.11956417,-0.117133207,-0.108551881,-0.143724708,-0.061099207,-0.135757713,-0.105879156,-0.131956998,-0.110641112,-0.081673412,-0.102336058,-0.127966306,-0.098626919,-0.100362468,-0.074359104,-0.050433941,-0.159941944,-0.091633624,-0.159380878,-0.139100343,-0.087837342,-0.06705835,-0.130683088,-0.021102238,-0.126510942,-0.067056609,-0.052137197,-0.31625829,-0.225308319,-0.230087565,-0.240894411,-0.244830455,-0.164221201,-0.31277228,-0.233116903,-0.285623837,-0.261713405,-0.19884665,-0.160738274,-0.115855927,-0.142521416,-0.120736658,-0.237114584,-0.205814631,-0.160859242,-0.227922551,-0.246301443,-0.229017806,-0.201731514,-0.239517311,-0.123698532,-0.128066054,-0.185458104,-0.120621896,-0.096457946,-0.184288219,-0.175045146,-0.102167112,-0.16710112,-0.133577852,-0.075987433,0.024792684,-0.05439175,-0.059672235,0.109564052,-0.082456957,-0.020202889,-0.01832467417Networks_LH_VisPeri_Striate,0.463773525,0.378452661,0.474697533,0.364004107,1,0.733575964,0.717380641,0.903344518,0.683836077,0.672415776,-0.126193122,-0.127590909,-0.088782975,-0.046137069,-0.060657532,-0.039471822,-0.090243825,-0.042148604,-0.067468472,-0.049228066,0.163787142,0.047666844,0.199829451,0.17660411,0.024818084,0.140723681,-0.02552029,0.074582465,-0.006086493,-0.026292962,-0.013076793,0.071767066,0.035124157,-0.037865905,0.026684174,0.018494663,0.000384712,0.062813819,0.141679501,0.125300403,0.05844069,0.035393261,0.034669082,0.105833899,0.146003708,0.003680804,0.078189536,0.046104714,-0.03016819,-0.049930418,-0.014448467,0.007003909,-0.062454766,0.087140524,-0.017578719,0.041547026,0.000801984,-0.047928037,-0.125860402,-0.130950815,-0.126637468,-0.131665504,-0.071470242,-0.058196071,-0.078342401,-0.042230441,-0.126664662,-0.041601232,-0.078083611,-0.028665888,-0.032804761,-0.121298053,-0.035714453,-0.218059226,-0.18723694,-0.165521141,-0.12590884,-0.170788929,-0.186497753,-0.226691863,-0.193532065,-0.194760058,-0.140658132,-0.214504786,0.079849668,0.057025731,0.06605533,0.053924898,-0.244678116,-0.161717647,-0.136331786,-0.175153886,-0.245063785,-0.167659693,-0.155561532,-0.179580976,-0.21060589,-0.235560629,-0.224012194,-0.199782067,-0.155679204,-0.187444314,-0.210837834,-0.187970379,-0.214086767,-0.159480108,0.128911502,0.012618611,-0.026738046,0.139581785,0.012760835,-0.064173895,-0.168531011,-0.14675041217Networks_LH_VisPeri_ExStrInf,0.165217825,0.440610991,0.177284689,0.440306248,0.733575964,1,0.802678428,0.707739603,0.872771765,0.763530961,0.009838432,0.014884401,-0.010053924,0.054497092,-0.015919479,0.039873463,-0.014563893,0.061346328,-0.021061906,0.033906412,0.259091351,0.205450126,0.367505623,0.281647992,0.205610841,0.328406523,0.085837612,0.155490996,0.042693293,0.072555755,0.112021154,0.167168818,0.089726011,0.081223687,0.053764928,0.058901227,0.03784512,0.091742583,0.227773076,0.199763806,0.097137225,0.08098011,0.096808731,0.144024256,0.227433668,-0.043160189,-0.008017284,-0.028351744,-0.061482179,-0.100675844,-0.038295965,-0.038419767,-0.096678029,-0.019192327,-0.045354453,-0.026245695,-0.043132458,-0.087510123,-0.097495472,-0.10094421,-0.067146116,-0.060869683,-0.117262567,-0.077730857,-0.111476536,-0.031542506,-0.114607287,-0.039053142,-0.121360851,-0.034119042,-0.024646735,-0.112710623,-0.032379934,-0.322528216,-0.248043616,-0.230451878,-0.23034452,-0.227332923,-0.210481307,-0.325114555,-0.25540519,-0.289241598,-0.25144644,-0.255413829,0.048896306,-0.003837561,0.044196639,-0.008269087,-0.26701613,-0.177957563,-0.160254399,-0.191943964,-0.257304099,-0.190574722,-0.193684946,-0.204177235,-0.175894874,-0.211103185,-0.238480439,-0.230244663,-0.189303885,-0.253977584,-0.233244686,-0.167269867,-0.255419813,-0.201185066,0.217705494,0.162256914,0.037702367,0.232176306,0.179270095,-0.000876002,-0.057929858,-0.03399388517Networks_LH_VisPeri_ExStrSup,0.118502167,0.450530901,0.13477736,0.454120588,0.717380641,0.802678428,1,0.701138869,0.789851208,0.923154712,0.041970125,0.048197787,0.01298103,0.076882322,-0.028107554,0.06910737,0.009426076,0.078057082,-0.016568301,0.056156979,0.296149037,0.16469658,0.410583551,0.33298087,0.179288808,0.359670851,0.107195851,0.153516744,0.027867274,0.090116994,0.141866596,0.176739035,0.094736466,0.1066922,0.09773554,0.061412057,0.072756969,0.119735288,0.279242041,0.244633848,0.155365165,0.101650606,0.143952547,0.184023461,0.285500958,-0.00386546,-0.006698609,-0.023576665,-0.050856182,-0.063298671,-0.032316846,0.008084392,-0.086932039,0.000402351,-0.068905858,-0.001306497,-0.016697763,-0.043881151,-0.116836771,-0.115269987,-0.113240545,-0.111094819,-0.108898926,-0.138757098,-0.135544099,-0.068420831,-0.14887169,-0.100808487,-0.099715322,-0.075101456,-0.049614537,-0.130892443,-0.093634955,-0.300862205,-0.25274403,-0.257971581,-0.275607346,-0.272789057,-0.232802418,-0.297169704,-0.244097946,-0.303185453,-0.271238195,-0.276043061,0.158256841,0.087382315,0.146656392,0.078434175,-0.285013415,-0.175342501,-0.184709599,-0.235548481,-0.270332547,-0.178525969,-0.215263349,-0.233895115,-0.221464713,-0.23594764,-0.236288189,-0.269457974,-0.225226246,-0.282797628,-0.224024437,-0.188870905,-0.286438456,-0.227699819,0.145217966,0.038595786,0.020638093,0.162282648,0.0647819,-0.025097085,-0.043930655,-0.00926171817Networks_RH_VisPeri_Striate,0.432916323,0.37217742,0.461348157,0.379005498,0.903344518,0.707739603,0.701138869,1,0.734756238,0.717230551,-0.11102101,-0.10565743,-0.085575263,-0.03848729,-0.054288855,-0.032314173,-0.083712932,-0.032167325,-0.056495336,-0.036835777,0.17676284,0.055213311,0.205886815,0.205410591,0.052005482,0.176497014,-0.014170169,0.084541191,-0.002230448,-0.019762414,0.012072673,0.092210426,0.050061994,-0.012699517,0.034237863,0.023930162,0.00298265,0.070947541,0.155534879,0.140744217,0.068784281,0.048317783,0.048616052,0.119004296,0.166083039,-0.004981221,0.068921918,0.033817256,-0.032607593,-0.053927827,-0.021500085,0.0114467,-0.057514915,0.081388742,-0.021738835,0.039023527,0.001871611,-0.039401957,-0.136379359,-0.129548387,-0.130079689,-0.12393576,-0.072886066,-0.069826184,-0.084331855,-0.042699868,-0.132157401,-0.039939262,-0.066565891,-0.021731292,-0.026369003,-0.108344232,-0.036318348,-0.227213264,-0.196993707,-0.17960498,-0.138889294,-0.182233756,-0.192828764,-0.225891148,-0.19242101,-0.196792176,-0.147510545,-0.213179175,0.070296589,0.0572657,0.075200856,0.057166792,-0.257026475,-0.176526036,-0.149414408,-0.187638492,-0.247845247,-0.175316263,-0.165196433,-0.183164537,-0.216268584,-0.24803426,-0.236941862,-0.212445544,-0.169041044,-0.201750899,-0.214693317,-0.187938866,-0.219833514,-0.162516018,0.115169313,0.00702184,-0.031541951,0.14478785,0.017529091,-0.055981584,-0.174404762,-0.1418140917Networks_RH_VisPeri_ExStrInf,0.141224024,0.43003209,0.170058525,0.463393419,0.683836077,0.872771765,0.789851208,0.734756238,1,0.804924149,0.028307679,0.040989926,-0.001415356,0.06062701,-0.006166336,0.044406276,-0.001454056,0.07539708,-0.003335488,0.049971764,0.253252447,0.193881465,0.358704483,0.302877655,0.230672609,0.360063294,0.085777055,0.149728524,0.038697009,0.061886271,0.130208228,0.179036621,0.097762336,0.097650465,0.046013381,0.053763817,0.025402337,0.088434782,0.230375966,0.207749962,0.096689334,0.091940202,0.099220137,0.146664537,0.237698721,-0.067664818,-0.027676067,-0.056012556,-0.078717718,-0.120467265,-0.056061349,-0.043975666,-0.101492217,-0.028799875,-0.048695978,-0.033915043,-0.052170688,-0.090830897,-0.107328302,-0.100180217,-0.067232944,-0.040228615,-0.134074673,-0.105714133,-0.133147144,-0.048515747,-0.132866765,-0.039923297,-0.112201842,-0.030046567,-0.016595694,-0.104557906,-0.030174273,-0.343036064,-0.270907384,-0.259034839,-0.261391054,-0.253387224,-0.217032409,-0.32208418,-0.254720665,-0.291267902,-0.258298088,-0.245713149,0.035371562,-0.006716736,0.063372484,-0.002913291,-0.276034747,-0.182167856,-0.172149361,-0.206310767,-0.246566279,-0.177869542,-0.189248753,-0.194151923,-0.1624484,-0.226220626,-0.257097934,-0.248717085,-0.212948353,-0.280906558,-0.236188499,-0.159567433,-0.258492131,-0.203746536,0.211151946,0.15863745,0.033029398,0.264276858,0.207711669,0.02138641,-0.070527089,-0.02674739817Networks_RH_VisPeri_ExStrSup,0.10620126,0.432270104,0.143281607,0.469331425,0.672415776,0.763530961,0.923154712,0.717230551,0.804924149,1,0.035997481,0.054108157,0.006914479,0.075350718,-0.030010384,0.059881239,0.008188323,0.084468949,-0.007376241,0.060876284,0.284351193,0.155564327,0.387035253,0.356880476,0.197347693,0.387563391,0.096487455,0.143931678,0.023736424,0.081705817,0.154901067,0.188565432,0.106397546,0.122422695,0.101367476,0.064601829,0.078609105,0.12079475,0.280610419,0.258695915,0.166715916,0.116717789,0.160494276,0.191958982,0.299286925,-0.017014382,-0.018301303,-0.032029642,-0.05822876,-0.059317266,-0.035248949,0.020135507,-0.069114212,0.002282844,-0.071940292,0.007372257,-0.01413658,-0.023987529,-0.122034021,-0.108408529,-0.12106431,-0.101781099,-0.113954068,-0.1478407,-0.138296796,-0.080260414,-0.157612242,-0.103349261,-0.079226831,-0.055167575,-0.037102169,-0.114272757,-0.0929364,-0.31131168,-0.266364525,-0.273199801,-0.28483984,-0.290966596,-0.242531906,-0.27866103,-0.231619494,-0.293037338,-0.264281037,-0.261886269,0.138105955,0.090615167,0.169312768,0.092426542,-0.304656176,-0.194915238,-0.20360988,-0.259064567,-0.262131372,-0.178558138,-0.21487895,-0.232145892,-0.220686346,-0.248999207,-0.248770138,-0.282756966,-0.235477152,-0.299011585,-0.217799516,-0.18581252,-0.285265948,-0.223712229,0.113409557,0.023581237,0.007090694,0.165663474,0.069573258,-0.009039512,-0.055548173,-0.00407572117Networks_LH_SomMotA,-0.175749348,-0.003065291,-0.191135747,0.007469664,-0.126193122,0.009838432,0.041970125,-0.11102101,0.028307679,0.035997481,1,0.869919892,0.46931874,0.553476758,0.401426212,0.380704917,0.449928759,0.519903612,0.334943159,0.372427557,-0.023207106,0.091631809,0.006499182,-0.041457867,0.101364643,0.015365862,0.309803046,0.247461653,0.140642418,0.106092521,0.289317323,0.209907432,0.072880243,0.109094094,0.214756561,0.157232629,0.179201853,0.355365166,0.218626318,0.148477789,0.183221842,0.151889556,0.172649286,0.290379712,0.214050203,-0.059662381,-0.058377286,-0.114689504,0.025198274,-0.101647607,-0.066590815,-0.124986229,-0.098999301,-0.124081742,0.013828887,-0.150388867,-0.038727538,-0.155715782,-0.008448744,-0.018242777,0.024604139,0.031852773,-0.132351914,-0.042786995,-0.065125008,-0.002864617,-0.065079473,0.035135036,-0.161638161,-0.108471624,-0.040665765,-0.090642933,0.036916214,-0.223931045,-0.149898526,-0.13718236,-0.153985414,-0.109176234,-0.070866805,-0.256100905,-0.197953986,-0.238521225,-0.198830957,-0.124928414,-0.205731228,-0.117138542,-0.203095729,-0.116694922,-0.091045276,-0.069486186,-0.052621488,-0.045156307,-0.137018993,-0.104979213,-0.093127682,-0.097518953,0.000464202,-0.001397511,-0.104566499,-0.00131679,-0.023657028,-0.088107957,-0.086769285,-0.040793683,-0.066383605,-0.090977207,-0.014760821,-0.02330083,-0.078811736,-0.034249331,0.006887188,-0.104569771,0.210719248,0.18392078717Networks_RH_SomMotA,-0.173347066,0.01475544,-0.186104293,0.035127874,-0.127590909,0.014884401,0.048197787,-0.10565743,0.040989926,0.054108157,0.869919892,1,0.459642687,0.515176234,0.361365025,0.362277405,0.473820444,0.561714572,0.358405759,0.387527806,-0.026176848,0.093759314,0.007126059,0.003677866,0.139525505,0.046008154,0.265462568,0.210428861,0.126905504,0.097158958,0.350115868,0.262174872,0.112633658,0.137700177,0.194284877,0.137859218,0.159374469,0.325248166,0.191278948,0.191326783,0.208850947,0.170579381,0.201221732,0.314310464,0.226146329,-0.075163577,-0.06509133,-0.127224532,0.012717862,-0.114750012,-0.073863694,-0.110371491,-0.086070216,-0.12807665,-7.79E-07,-0.144909402,-0.024900582,-0.145639167,-0.005617094,-0.009174856,0.01401384,0.027717806,-0.140707299,-0.052785004,-0.070614939,-0.012955813,-0.075207344,0.039288115,-0.139074924,-0.084924862,-0.023363085,-0.071767206,0.029683042,-0.240174239,-0.157349063,-0.154548617,-0.155067289,-0.122801411,-0.079360422,-0.249035864,-0.184348488,-0.222955111,-0.205119149,-0.114090689,-0.224831357,-0.128535115,-0.20390524,-0.128629331,-0.109953022,-0.087931959,-0.0611523,-0.065793954,-0.142985089,-0.119950834,-0.100586531,-0.093115221,-0.000842835,-0.026220982,-0.122594295,-0.016366099,-0.033880087,-0.109537512,-0.088524987,-0.046905576,-0.067734443,-0.089234038,-0.029799127,-0.037278122,-0.092934528,-0.042325126,0.006992827,-0.093564888,0.186922064,0.18759949217Networks_LH_SomMotB_Cent,-0.127637247,-0.02938329,-0.130854254,-0.023847963,-0.088782975,-0.010053924,0.01298103,-0.085575263,-0.001415356,0.006914479,0.46931874,0.459642687,1,0.633310549,0.302183868,0.375885005,0.922151594,0.61295853,0.256007423,0.365215667,-0.074227688,0.025884548,-0.032608868,-0.078024269,0.022734779,-0.025379067,0.129511184,0.063266583,0.192980031,0.044342205,0.126185428,0.040486032,0.102327501,0.037218734,0.201582048,0.162550251,0.132063934,0.222151841,0.072373609,0.156734247,0.169014699,0.134553416,0.105723673,0.177366818,0.059860883,-0.052327671,-0.045697822,-0.052966991,0.007433196,-0.060253515,-0.060777306,-0.101688338,-0.079576501,-0.105061019,-0.000209197,-0.09252964,-0.052465225,-0.113028155,0.034125952,0.025182418,0.037642642,0.021768811,-0.066482952,0.026043912,-0.02498858,-0.045605967,-0.049650969,0.031720901,-0.097276349,-0.047901391,-0.064561094,-0.071460248,0.019821561,-0.118641392,-0.08793548,-0.075119052,-0.08191235,-0.080092487,-0.043021774,-0.144878198,-0.118892564,-0.160486621,-0.118680876,-0.08143873,-0.162401429,-0.115017169,-0.15580487,-0.115686044,-0.044458535,-0.042419484,-0.056587057,-0.040374028,-0.074965031,-0.066616162,-0.087616289,-0.072983384,0.007216148,0.02787129,-0.052822405,-0.007823916,0.002548632,-0.049268676,-0.049814754,-0.010569532,-0.05617631,-0.058336419,-0.016175137,-0.027891361,-0.080773447,-0.030483687,-0.009178484,-0.086366786,0.187731416,0.15495872417Networks_LH_SomMotB_S2,-0.155670257,-0.030928074,-0.162959564,-0.02691437,-0.046137069,0.054497092,0.076882322,-0.03848729,0.06062701,0.075350718,0.553476758,0.515176234,0.633310549,1,0.552049824,0.610760922,0.605042713,0.840617634,0.4895058,0.581653927,-0.134027601,0.041281326,-0.015921157,-0.117310897,0.038340456,-0.020618218,0.201761629,0.119506642,0.177797454,0.1431255,0.213280362,0.100767729,0.143440159,0.129997569,0.536535591,0.4916037,0.43590059,0.448463196,0.250538863,0.220563244,0.494913371,0.473172968,0.416450586,0.406459566,0.265205269,-0.011386887,0.03770929,0.083257931,-0.010886523,0.007456736,0.015994028,-0.028770706,0.01307286,0.015824554,0.022263122,0.078685475,-0.033039347,-0.032034428,-0.032699446,-0.024319493,0.042887627,0.040990746,-0.136080979,-0.036775132,-0.012697164,-0.100847646,-0.092668963,-0.011524679,-0.136989718,-0.055682107,-0.103621382,-0.104810974,-0.016478677,-0.252266552,-0.182256919,-0.19765599,-0.167642654,-0.231447896,-0.142967347,-0.235687425,-0.159119023,-0.260135332,-0.143228916,-0.15795418,-0.19393529,-0.03105237,-0.164472053,-0.030999307,-0.200122009,-0.157379318,-0.135197792,-0.173320538,-0.192036124,-0.170061953,-0.146993539,-0.187124754,-0.089473083,-0.065893079,-0.154504662,-0.136369443,-0.045197944,-0.19008842,-0.092130789,-0.071230398,-0.163507422,-0.082167897,-0.075058628,-0.065913059,-0.126018636,-0.079083903,-0.046528682,-0.150658421,0.255902662,0.23713229117Networks_LH_SomMotB_Ins,-0.090288821,-0.087873079,-0.105432563,-0.089195377,-0.060657532,-0.015919479,-0.028107554,-0.054288855,-0.006166336,-0.030010384,0.401426212,0.361365025,0.302183868,0.552049824,1,0.530164814,0.290513729,0.510711743,0.532047597,0.497714089,-0.161790443,-0.029611088,-0.05736227,-0.165453044,-0.038508594,-0.078640338,0.099447053,0.040788825,0.052085504,0.059940196,0.091440006,0.008399788,0.017111625,0.031597266,0.311521475,0.371450033,0.265510235,0.303223678,0.207316272,0.041242525,0.28343614,0.345921342,0.263456183,0.245273018,0.202891414,0.006264847,0.07664809,0.100618424,0.00333871,0.021359912,0.012512639,-0.024456085,0.002222038,0.048466589,0.072034278,0.071606137,-0.032971599,-0.024470062,-0.025904949,-0.028979921,0.067364735,0.045987504,-0.100872991,-0.017473529,-0.007918978,-0.066788192,-0.064156634,0.029748214,-0.111918473,-0.055174267,-0.080739825,-0.090886225,0.035539417,-0.115237571,-0.075986174,-0.089111637,-0.05963589,-0.11595453,-0.06362739,-0.123580872,-0.08694549,-0.147465181,-0.050128894,-0.0841207,-0.106588801,0.031859428,-0.098804087,0.037614908,-0.068389684,-0.024247271,-0.005582209,-0.044830094,-0.083163957,-0.045240966,-0.019198265,-0.075384324,-0.009926031,0.017287094,-0.04022788,-0.017830464,0.036617301,-0.07161404,-0.024365582,-0.007266974,-0.058416271,-0.002231573,0.000867691,-0.000715377,-0.062930767,-0.006364063,-0.008555169,-0.095909139,0.177519424,0.13972137417Networks_LH_SomMotB_Aud,-0.129024582,-0.028552647,-0.147334563,-0.036798515,-0.039471822,0.039873463,0.06910737,-0.032314173,0.044406276,0.059881239,0.380704917,0.362277405,0.375885005,0.610760922,0.530164814,1,0.35211539,0.538926627,0.46416478,0.821421406,-0.138245965,0.006793467,0.009322583,-0.112512597,0.020614491,-0.008568386,0.108883144,0.074903996,0.104548905,0.106420145,0.125947043,0.067544157,0.082592505,0.107280799,0.344383833,0.389205636,0.308392543,0.283911011,0.213866693,0.161950109,0.320058172,0.379760046,0.290239304,0.249897116,0.200689987,0.008909525,0.051094485,0.091785173,0.00070746,-0.003378476,0.032768205,0.021796457,0.0518043,0.046244204,0.019191198,0.118222852,-0.003547653,0.003855105,-0.007049844,0.00792481,0.091260028,0.058448975,-0.095268501,-0.027189724,-0.0072991,-0.072112883,-0.050485778,0.013633449,-0.070165909,0.011086735,-0.050179075,-0.060655657,0.006339951,-0.180042377,-0.106235195,-0.141005992,-0.114839514,-0.15465374,-0.081205586,-0.131467826,-0.053961836,-0.13826146,-0.070559223,-0.080089154,-0.14071169,0.007103381,-0.102936464,0.010566647,-0.160837932,-0.115874019,-0.061010127,-0.099004968,-0.126571942,-0.108149896,-0.059931995,-0.081682915,-0.027543287,-0.015597609,-0.140840915,-0.118025767,-0.018409035,-0.151785125,-0.005027716,-0.033838965,-0.109441112,-0.011317379,-0.030247213,-0.012762021,-0.09949355,-0.030579448,-0.006664111,-0.107243981,0.323804289,0.33633386917Networks_RH_SomMotB_Cent,-0.12175595,-0.030792789,-0.122066659,-0.010617119,-0.090243825,-0.014563893,0.009426076,-0.083712932,-0.001454056,0.008188323,0.449928759,0.473820444,0.922151594,0.605042713,0.290513729,0.35211539,1,0.639138056,0.265788394,0.379667768,-0.075976994,0.022337978,-0.0366006,-0.074752678,0.03623616,-0.013465143,0.108566857,0.049083001,0.159620929,0.039302042,0.139239137,0.048068722,0.116782375,0.048933597,0.177282859,0.146182008,0.109157521,0.206508289,0.057309164,0.178457288,0.177620248,0.141004265,0.113391682,0.178870208,0.066783379,-0.064790848,-0.0495272,-0.060137379,-0.002018894,-0.07163188,-0.060560529,-0.102590698,-0.080317869,-0.106954115,0.003179655,-0.091242609,-0.05260462,-0.111021518,0.030794037,0.024031108,0.027047434,0.029345238,-0.079751662,0.012763564,-0.029763108,-0.046308643,-0.055496379,0.032163927,-0.10311777,-0.043565248,-0.064500355,-0.068921352,0.02347838,-0.121508344,-0.088333831,-0.076266559,-0.07576542,-0.080614614,-0.04605687,-0.144106917,-0.119710337,-0.148661424,-0.119810084,-0.073846835,-0.162497026,-0.119480726,-0.16096957,-0.117376156,-0.038207915,-0.03554585,-0.05119261,-0.035938043,-0.068276891,-0.062221435,-0.083544863,-0.069797094,0.024721874,0.020133757,-0.048585729,0.006124033,0.007220706,-0.048399885,-0.036518977,0.00247146,-0.04532764,-0.044859416,-0.013351639,-0.034891855,-0.07730259,-0.029930007,-0.003911661,-0.083762356,0.172303846,0.16893335317Networks_RH_SomMotB_S2,-0.149559024,-0.020794239,-0.154951507,-0.001923996,-0.042148604,0.061346328,0.078057082,-0.032167325,0.07539708,0.084468949,0.519903612,0.561714572,0.61295853,0.840617634,0.510711743,0.538926627,0.639138056,1,0.515940865,0.596989228,-0.140736077,0.031655877,-0.023328637,-0.113999593,0.059760413,-0.007112973,0.164100015,0.089028022,0.145639251,0.116409274,0.23594416,0.113802637,0.163111149,0.141067539,0.46685621,0.452404855,0.371590149,0.418852926,0.229127656,0.243809313,0.518348589,0.48853483,0.431229944,0.41225095,0.267022741,-0.028478007,0.02829679,0.055643368,-0.022007084,-0.011309808,0.011632752,-0.043337301,-0.004574876,-0.000885599,0.028719375,0.068835154,-0.042408583,-0.051132801,-0.022882962,-0.024555231,0.0401157,0.033153818,-0.148623969,-0.045165831,-0.021654154,-0.105939459,-0.102945141,0.000912353,-0.160188774,-0.057870269,-0.113984035,-0.113056002,-0.004746879,-0.244770653,-0.17879072,-0.197756859,-0.149525027,-0.224622744,-0.129874298,-0.253770779,-0.177111902,-0.273698959,-0.164504896,-0.158504573,-0.203768603,-0.039215003,-0.188479603,-0.03724599,-0.182064881,-0.141099059,-0.116611893,-0.161036299,-0.193976134,-0.172502043,-0.142558253,-0.191899096,-0.060761948,-0.062677642,-0.145018435,-0.107325102,-0.038162285,-0.183061669,-0.09305631,-0.057420837,-0.157511472,-0.080663205,-0.074630407,-0.069225356,-0.129516341,-0.082133777,-0.034065853,-0.156676458,0.217488759,0.2359286417Networks_RH_SomMotB_Ins,-0.102657712,-0.084169239,-0.1130094,-0.073656853,-0.067468472,-0.021061906,-0.016568301,-0.056495336,-0.003335488,-0.007376241,0.334943159,0.358405759,0.256007423,0.4895058,0.532047597,0.46416478,0.265788394,0.515940865,1,0.511885396,-0.165801209,-0.038207234,-0.061158894,-0.142939435,-0.020122087,-0.056711374,0.080359473,0.024630249,0.03650818,0.059080374,0.120953414,0.03284534,0.049522194,0.059850967,0.309129966,0.357480963,0.259819085,0.287270183,0.203621467,0.07642622,0.323547007,0.39802921,0.297111241,0.259575694,0.217961141,0.009035734,0.069130474,0.096751374,-0.003205446,0.024062116,0.01930563,0.007155429,0.032769317,0.057842797,0.0620372,0.100007695,-0.012939972,0.003153844,-0.023532304,-0.016183098,0.061067496,0.075572456,-0.107121917,-0.041903736,-0.010599666,-0.072792138,-0.071228359,0.017698928,-0.099160758,-0.038815251,-0.073165358,-0.070230562,0.019249793,-0.126050092,-0.080732139,-0.108774723,-0.070938876,-0.133941813,-0.072657121,-0.111209337,-0.064210766,-0.134264193,-0.047503513,-0.06398311,-0.104502801,0.034268377,-0.088479306,0.042564996,-0.095760246,-0.047379471,-0.022402412,-0.066685389,-0.088162476,-0.05910564,-0.022099611,-0.074970821,-0.005279195,-0.009503158,-0.063240476,-0.040253107,0.017923394,-0.096966989,-0.008695305,0.012404534,-0.060643912,0.01125773,-0.026401245,-0.017042963,-0.07569163,-0.023730845,0.000267263,-0.094686019,0.154088652,0.16284340517Networks_RH_SomMotB_Aud,-0.131826215,-0.039838646,-0.143719119,-0.021233643,-0.049228066,0.033906412,0.056156979,-0.036835777,0.049971764,0.060876284,0.372427557,0.387527806,0.365215667,0.581653927,0.497714089,0.821421406,0.379667768,0.596989228,0.511885396,1,-0.12542069,0.008626513,-0.024158016,-0.118131529,0.034048752,-0.008234439,0.097652862,0.071721456,0.092699193,0.097944797,0.144406376,0.072931584,0.111987086,0.10886768,0.320487019,0.368440789,0.292882066,0.272159111,0.186462917,0.193739439,0.360145335,0.417385109,0.315351053,0.27678338,0.21376678,0.010842708,0.043385724,0.092731703,0.00704197,0.000251258,0.045958573,0.01922132,0.051875291,0.046571068,0.042918666,0.106959872,-0.019073481,-0.013577927,0.004030643,0.01770175,0.059099174,0.084853659,-0.082587041,0.005539672,0.031835716,-0.05878475,-0.039232228,0.018388233,-0.080577161,0.008366308,-0.058890062,-0.051608952,0.033616564,-0.149526126,-0.080314398,-0.110073752,-0.085001955,-0.127815254,-0.06233211,-0.14594706,-0.059161754,-0.154015029,-0.069936208,-0.058043292,-0.142488921,0.01220648,-0.129844497,0.023025414,-0.136199131,-0.104190809,-0.057413199,-0.077016383,-0.143228713,-0.12132054,-0.067613433,-0.107708797,0.007565446,-0.017501054,-0.112840618,-0.073327659,0.012575642,-0.107270089,0.009391864,-0.012196406,-0.109487957,0.012123941,-0.047063633,-0.026840452,-0.101794127,-0.053281804,0.004170764,-0.125491542,0.285578611,0.33024626317Networks_LH_DorsAttnA_SPL,0.063445403,0.352745525,0.073072541,0.331596739,0.163787142,0.259091351,0.296149037,0.17676284,0.253252447,0.284351193,-0.023207106,-0.026176848,-0.074227688,-0.134027601,-0.161790443,-0.138245965,-0.075976994,-0.140736077,-0.165801209,-0.12542069,1,0.580180884,0.545621251,0.803670976,0.48034773,0.489501163,0.542830398,0.518490298,0.364872767,0.287816047,0.462826335,0.475002044,0.349541139,0.250038075,0.020366948,0.001952398,0.085049617,0.023472387,0.170074452,0.174913106,0.012008866,-0.004148279,0.077043868,0.065493644,0.178196892,0.037926662,-0.051476434,-0.004790297,0.022113268,0.001332567,0.048150415,0.002991516,0.035318573,-0.065915327,-0.064243292,-0.011703339,-0.04536814,-0.023784295,-0.109679773,-0.114561888,-0.08469811,-0.078140582,0.4635556,0.306214305,0.176228583,0.341999179,0.314055844,0.076861332,0.33142701,0.261436161,0.281358833,0.245662987,0.088470892,-0.111786811,-0.098623949,-0.052394326,-0.085123029,-0.001492211,-0.048792787,-0.207525202,-0.141278087,-0.138264139,-0.189982951,-0.118118068,0.187285694,-0.019573168,0.134134984,-0.031496569,-0.274537771,-0.328264125,-0.330365416,-0.173170643,-0.327437604,-0.331425896,-0.392697241,-0.236083243,-0.305059164,-0.340339382,-0.28773435,-0.32544476,-0.240874713,-0.143133048,-0.330953287,-0.312273299,-0.361396546,-0.281882333,-0.044499011,0.100570185,0.191863738,-0.005740515,0.117273765,0.139569548,-0.149633445,-0.18897765717Networks_LH_DorsAttnA_TempOcc,0.042186972,0.432300907,0.043326795,0.411017119,0.047666844,0.205450126,0.16469658,0.055213311,0.193881465,0.155564327,0.091631809,0.093759314,0.025884548,0.041281326,-0.029611088,0.006793467,0.022337978,0.031655877,-0.038207234,0.008626513,0.580180884,1,0.520762419,0.507366508,0.697346469,0.491210684,0.449175641,0.345840208,0.34091358,0.459001914,0.407301908,0.324846968,0.329338583,0.386847298,0.072638548,0.101510498,0.168628455,0.041745986,0.132144472,0.162393689,0.052387367,0.086642241,0.143631232,0.055772893,0.124424566,-0.085919317,-0.117716512,-0.056264504,-0.036109449,-0.015571149,0.054638004,-0.144038316,0.01290566,-0.166841882,-0.051916411,-0.060203152,-0.120815943,-0.088893151,-0.046865187,-0.059426638,0.083687972,0.068691055,0.251892717,0.280715743,0.13559434,0.15161911,0.36926872,0.099346688,0.125951425,0.239006505,0.086319025,0.226383037,0.104719155,-0.232585816,-0.184227217,-0.138053729,-0.145761292,-0.100543719,-0.042341994,-0.311353717,-0.228254684,-0.24952738,-0.235751939,-0.128785769,-0.091604345,-0.156171238,-0.124285798,-0.166396489,-0.21619797,-0.2603928,-0.254118798,-0.177877616,-0.262285069,-0.292958056,-0.317106204,-0.250817865,-0.168486354,-0.16504048,-0.195437655,-0.192194546,-0.088137773,-0.142291318,-0.239918863,-0.174552841,-0.25286331,-0.160432567,-0.046780213,0.190467796,0.149706771,-0.036099177,0.195196265,0.081961362,0.074063086,-0.00620279817Networks_LH_DorsAttnA_ParOcc,0.031909926,0.415700847,0.052968825,0.405576706,0.199829451,0.367505623,0.410583551,0.205886815,0.358704483,0.387035253,0.006499182,0.007126059,-0.032608868,-0.015921157,-0.05736227,0.009322583,-0.0366006,-0.023328637,-0.061158894,-0.024158016,0.545621251,0.520762419,1,0.507615146,0.476813415,0.686693088,0.338181039,0.316470517,0.166746255,0.389036488,0.309535448,0.3086308,0.207176565,0.35268149,0.038956556,0.062220258,0.143318309,0.036391735,0.273031499,0.180259571,0.058848193,0.070591613,0.171128437,0.081136441,0.249433102,-0.053183532,-0.116578416,-0.068405831,-0.039942636,0.005988972,0.013234527,-0.068230443,-0.03429504,-0.137905048,-0.072321579,-0.038899305,-0.062031242,-0.001568213,-0.095039841,-0.099443621,-0.003970458,-0.005449984,0.079027077,0.08006844,-0.013548947,0.152076413,0.168511673,-0.013576132,0.015365196,0.131625989,0.122894938,0.097461162,-0.007987967,-0.277222258,-0.232558829,-0.185569281,-0.230410856,-0.136322975,-0.127476038,-0.299694903,-0.241181472,-0.237406054,-0.252975177,-0.208377744,0.110362081,-0.086856332,0.09112406,-0.094119059,-0.202100206,-0.191674136,-0.215115608,-0.145510134,-0.158153901,-0.193700436,-0.241380528,-0.175547984,-0.162708567,-0.207760294,-0.152711152,-0.228507093,-0.167244922,-0.204766909,-0.217391656,-0.173281629,-0.237842324,-0.170171036,0.112865518,0.243442587,0.43906056,0.151734121,0.232051346,0.302995085,0.016964208,0.0137775217Networks_RH_DorsAttnA_SPL,0.06325576,0.397319578,0.089723771,0.41352227,0.17660411,0.281647992,0.33298087,0.205410591,0.302877655,0.356880476,-0.041457867,0.003677866,-0.078024269,-0.117310897,-0.165453044,-0.112512597,-0.074752678,-0.113999593,-0.142939435,-0.118131529,0.803670976,0.507366508,0.507615146,1,0.563518624,0.57659474,0.454436895,0.425911287,0.295299157,0.230594275,0.557384672,0.547339807,0.436593109,0.305150947,0.018672698,-0.005237067,0.064208638,0.031158861,0.190907362,0.247209374,0.071349032,0.045408267,0.145404693,0.108120224,0.227079229,-0.01544043,-0.077793225,-0.046153958,-0.036477573,-0.044109505,-0.017839972,0.082815106,0.081408921,-0.024693525,-0.088839212,0.041930129,0.00541064,0.043558611,-0.147478727,-0.111431811,-0.118787887,-0.092070834,0.318445514,0.141281585,0.028223767,0.204268007,0.163300834,0.034394075,0.432782803,0.315172703,0.317902077,0.289378136,0.055810985,-0.214719627,-0.19181144,-0.17365854,-0.187749582,-0.141483454,-0.143767556,-0.137276223,-0.08436912,-0.072276413,-0.169477861,-0.093122318,0.114425432,-0.003915685,0.205795925,0.010952054,-0.362652176,-0.36882097,-0.367573573,-0.275598591,-0.295373268,-0.309903593,-0.364951594,-0.197564884,-0.305983807,-0.377821652,-0.346802432,-0.387117004,-0.31062607,-0.253030546,-0.308287712,-0.29974505,-0.337777648,-0.270573452,-0.094812636,0.042111782,0.093150076,-0.009058903,0.117105667,0.17665035,-0.184448974,-0.15916101317Networks_RH_DorsAttnA_TempOcc,0.00496553,0.428271592,0.027971616,0.486941072,0.024818084,0.205610841,0.179288808,0.052005482,0.230672609,0.197347693,0.101364643,0.139525505,0.022734779,0.038340456,-0.038508594,0.020614491,0.03623616,0.059760413,-0.020122087,0.034048752,0.48034773,0.697346469,0.476813415,0.563518624,1,0.567898228,0.388512018,0.298874036,0.2703122,0.371589468,0.488042323,0.376304375,0.393425748,0.496322665,0.06020964,0.080357294,0.124214101,0.049193716,0.143848889,0.231426218,0.093104909,0.126443347,0.201747413,0.102021315,0.169216219,-0.109752808,-0.134740261,-0.105051153,-0.058470084,-0.065480743,0.00275382,-0.10551004,0.035362957,-0.152418071,-0.055835557,-0.053806688,-0.067761666,-0.043171906,-0.063158858,-0.04740251,0.04853081,0.105431923,0.106461874,0.117337948,0.016527656,0.064771296,0.208373359,0.051999265,0.152931759,0.250528222,0.0935037,0.257171532,0.072322331,-0.310081492,-0.234938623,-0.206623179,-0.220102033,-0.183248478,-0.102498975,-0.289971021,-0.211286003,-0.234549322,-0.258063102,-0.114368928,-0.147539102,-0.171321787,-0.108075562,-0.16498363,-0.257255151,-0.27237293,-0.246880262,-0.213220872,-0.228224874,-0.273476967,-0.283084153,-0.215810914,-0.135295526,-0.186735708,-0.231903679,-0.20630375,-0.13815586,-0.21697173,-0.208607479,-0.134090569,-0.218820847,-0.13768364,-0.073678412,0.144848801,0.082451347,-0.036017555,0.226811316,0.109693028,0.026864984,0.05776297617Networks_RH_DorsAttnA_ParOcc,0.009799849,0.395873354,0.041265166,0.458126727,0.140723681,0.328406523,0.359670851,0.176497014,0.360063294,0.387563391,0.015365862,0.046008154,-0.025379067,-0.020618218,-0.078640338,-0.008568386,-0.013465143,-0.007112973,-0.056711374,-0.008234439,0.489501163,0.491210684,0.686693088,0.57659474,0.567898228,1,0.296555905,0.288407042,0.15366977,0.324241948,0.361757852,0.364620402,0.271263755,0.464066272,0.026053725,0.029019846,0.103246917,0.030221621,0.246759865,0.23107932,0.071762746,0.078593647,0.194298825,0.096840478,0.269875556,-0.099662231,-0.144267326,-0.106304267,-0.057535172,-0.039992099,-0.02828794,-0.056317865,-0.009616294,-0.141744172,-0.083924936,-0.036340267,-0.035824516,0.021341087,-0.101128114,-0.083082687,-0.029164944,0.035486304,0.02131572,0.021528414,-0.069717722,0.105713792,0.085144,-0.02953135,0.071817489,0.191793521,0.168277291,0.151249946,-0.009825077,-0.331655936,-0.26643052,-0.24157934,-0.278092657,-0.186767248,-0.175838302,-0.264148245,-0.212245659,-0.197645864,-0.247682253,-0.167215714,0.04209207,-0.122071176,0.115930656,-0.111948137,-0.225428177,-0.218215243,-0.23516245,-0.193277772,-0.108346309,-0.16488805,-0.226755046,-0.140913051,-0.121582593,-0.234605595,-0.196303408,-0.254290084,-0.199444735,-0.254933493,-0.190462701,-0.144593303,-0.215492845,-0.145528147,0.08128546,0.212222047,0.30798717,0.169926485,0.272217143,0.400609476,-0.006077823,0.07099124117Networks_LH_DorsAttnB_PostC,-0.129962861,0.056150097,-0.139204035,0.047656989,-0.02552029,0.085837612,0.107195851,-0.014170169,0.085777055,0.096487455,0.309803046,0.265462568,0.129511184,0.201761629,0.099447053,0.108883144,0.108566857,0.164100015,0.080359473,0.097652862,0.542830398,0.449175641,0.338181039,0.454436895,0.388512018,0.296555905,1,0.606540603,0.457889914,0.428200917,0.770857155,0.558232795,0.405035414,0.374978915,0.321031999,0.303288184,0.461503272,0.33559084,0.424037925,0.159705469,0.263399105,0.270965868,0.418727172,0.312447237,0.411117656,0.159439397,0.009925227,0.033411923,0.145844393,0.135225188,0.086748038,0.0954764,0.071256675,-0.02971135,0.013574915,0.030112781,0.048133795,0.06850108,-0.091072246,-0.088461813,0.000170298,-0.004789576,0.302457318,0.17938828,0.156872343,0.28440219,0.227455875,0.046171333,0.192999634,0.145532074,0.217825308,0.151109603,0.049556671,-0.227502949,-0.184395056,-0.123979224,-0.164885503,-0.113755843,-0.146259733,-0.268783297,-0.195168808,-0.220213971,-0.215333955,-0.201773696,0.045009501,-0.055581204,0.013699856,-0.066365934,-0.321323084,-0.34221504,-0.308832538,-0.184471477,-0.316848123,-0.338553652,-0.354987064,-0.230609789,-0.270636948,-0.300117905,-0.278347024,-0.291866119,-0.208121547,-0.236555359,-0.263883958,-0.235223298,-0.301444573,-0.213198426,-0.107463732,0.01931219,0.097371282,-0.080269301,0.0246908,0.061167758,-0.012520678,-0.02497121617Networks_LH_DorsAttnB_FEF,-0.071949546,0.096085692,-0.064479839,0.093624645,0.074582465,0.155490996,0.153516744,0.084541191,0.149728524,0.143931678,0.247461653,0.210428861,0.063266583,0.119506642,0.040788825,0.074903996,0.049083001,0.089028022,0.024630249,0.071721456,0.518490298,0.345840208,0.316470517,0.425911287,0.298874036,0.288407042,0.606540603,1,0.437820696,0.302435121,0.527803389,0.696356896,0.406262172,0.277052022,0.334764779,0.24231989,0.349904729,0.428989234,0.367039554,0.321837801,0.285223824,0.222297293,0.3267098,0.429857122,0.373262441,0.217479935,0.121047057,0.140401663,0.222473007,0.115651472,0.051752979,0.146005157,0.074030462,0.085159597,0.022237006,0.109944967,0.141182189,0.083118378,-0.087154348,-0.088780884,-0.033790195,-0.027782349,0.2179189,0.238432622,0.133858305,0.414204239,0.12271961,0.055966144,0.120831836,0.191577304,0.311486629,0.083026975,0.064161983,-0.24406536,-0.146905038,-0.054565198,-0.0848528,-0.048169003,-0.155373773,-0.298475,-0.179981745,-0.155561554,-0.167501038,-0.213555252,0.014785515,-0.063139046,-0.022467115,-0.069800397,-0.344594204,-0.367670517,-0.277548969,-0.123404332,-0.329122965,-0.371282235,-0.323521109,-0.18672